,time,78,100,1137,1159,1182,123,56,1115,1160,101,1138,79
0,0,82.34481347917223,79.49030814417952,84.31108644798925,77.51663480556802,0.0,0.0,0.0,0.0,0.0,0.0,0.0,0.0
1,1,82.77043947811356,79.09024646498054,84.70445460726779,77.09559854219232,0.0,0.0,0.0,0.0,0.0,0.0,0.0,0.0
2,2,83.19348791628768,78.68831584917703,85.09343791316853,76.6741139304144,0.0,0.0,0.0,0.0,0.0,0.0,0.0,0.0
3,3,83.61369257829662,78.284717782258,85.4777648535829,76.25234291822395,0.0,0.0,0.0,0.0,0.0,0.0,0.0,0.0
4,4,84.03079690510755,77.87964868490478,85.85713470350264,75.8304685788698,0.0,0.0,0.0,0.0,0.0,0.0,0.0,0.0
5,5,84.44453059492515,77.47330670423183,86.23125890974684,75.40862907797869,0.0,0.0,0.0,0.0,0.0,0.0,0.0,0.0
6,6,84.85460934094968,77.0658845880579,86.59984504532271,74.98699018326565,0.0,0.0,0.0,0.0,0.0,0.0,0.0,0.0
7,7,85.26076763563269,76.65756300032126,86.96258849678644,74.56569296864156,0.0,0.0,0.0,0.0,0.0,0.0,0.0,0.0
8,8,85.66270174904741,76.24851748621114,87.31918107706028,74.14487993795422,0.0,0.0,0.0,0.0,0.0,0.0,0.0,0.0
9,9,86.06013569336305,75.83892501771011,87.66933755952672,73.72468237856938,0.0,0.0,0.0,0.0,0.0,0.0,0.0,0.0
10,10,86.45276353626778,75.42894426306735,88.01273544281858,73.30522688759085,0.0,0.0,0.0,0.0,0.0,0.0,0.0,0.0
11,11,86.84028275985523,75.01874189818899,88.3490760343192,72.8866354402651,0.0,0.0,0.0,0.0,0.0,0.0,0.0,0.0
12,12,87.22240355011041,74.60846663661981,88.67805010672605,72.4690373978938,0.0,0.0,0.0,0.0,0.0,0.0,0.0,0.0
13,13,87.59879750741604,74.19826873516826,88.99935596829681,72.0525276026683,0.0,0.0,0.0,0.0,0.0,0.0,0.0,0.0
14,14,87.96916680703414,73.78828731683315,89.31267301158782,71.63722648011465,0.0,0.0,0.0,0.0,0.0,0.0,0.0,0.0
15,15,88.33319280325387,73.37866912107198,89.61771628191983,71.22322654165912,0.0,0.0,0.0,0.0,0.0,0.0,0.0,0.0
16,16,88.69055351875237,72.96953762272047,89.91418304279813,70.81062799934307,0.0,0.0,0.0,0.0,0.0,0.0,0.0,0.0
17,17,89.0409420369775,72.56102402734628,90.20176186591365,70.39952691517912,0.0,0.0,0.0,0.0,0.0,0.0,0.0,0.0
18,18,89.38403127872287,72.15324299310019,90.48016073389282,69.99000415486115,0.0,0.0,0.0,0.0,0.0,0.0,0.0,0.0
19,19,89.71951030275645,71.74631676422807,90.74908938960617,69.58214262868525,0.0,0.0,0.0,0.0,0.0,0.0,0.0,0.0
20,20,90.04705777378297,71.34035144040628,91.00827865080227,69.17602704782658,0.0,0.0,0.0,0.0,0.0,0.0,0.0,0.0
21,21,90.36634207008136,70.93544914432098,91.2574246470334,68.77172219318962,0.0,0.0,0.0,0.0,0.0,0.0,0.0,0.0
22,22,90.67706815072053,70.53171939660754,91.49626440507309,68.3693005059173,0.0,0.0,0.0,0.0,0.0,0.0,0.0,0.0
23,23,90.97890405985089,70.12925618838887,91.72453911806647,67.96883103883175,0.0,0.0,0.0,0.0,0.0,0.0,0.0,0.0
24,24,91.27155590413913,69.7281442282291,91.9419850253671,67.57036916456917,0.0,0.0,0.0,0.0,0.0,0.0,0.0,0.0
25,25,91.55470289458516,69.32847571813468,92.14835298431866,67.17398290574803,0.0,0.0,0.0,0.0,0.0,0.0,0.0,0.0
26,26,91.8280544724019,68.93032820079155,92.34339949842843,66.77971156476626,0.0,0.0,0.0,0.0,0.0,0.0,0.0,0.0
27,27,92.09130350426247,68.53378661164442,92.5269163954121,0.0,0.0,0.0,0.0,0.0,0.0,0.0,0.0,0.0
28,28,92.34417471433908,68.13891635738955,92.69866350648496,0.0,0.0,0.0,0.0,0.0,0.0,0.0,0.0,0.0
29,29,92.5863675621978,67.74579560354421,92.858446794748,0.0,0.0,0.0,0.0,0.0,0.0,0.0,0.0,0.0
30,30,92.81762454806781,67.35448350859915,93.00607033710897,0.0,0.0,0.0,0.0,0.0,0.0,0.0,0.0,0.0
31,31,93.03767370292267,66.96504668072527,93.14135629691137,0.0,0.0,0.0,0.0,0.0,0.0,0.0,0.0,0.0
32,32,93.24624840143612,66.57753850886438,93.2641355840089,0.0,0.0,0.0,0.0,0.0,0.0,0.0,0.0,0.0
33,33,93.44310774786713,0.0,93.37426804654028,0.0,0.0,0.0,0.0,0.0,0.0,0.0,0.0,0.0
34,34,93.62802755004711,0.0,93.47159339856871,0.0,0.0,0.0,0.0,0.0,0.0,0.0,0.0,0.0
35,35,93.80078099809361,0.0,93.55601081422435,0.0,0.0,0.0,0.0,0.0,0.0,0.0,0.0,0.0
36,36,93.96113895421679,0.0,93.62740993495342,0.0,0.0,0.0,0.0,0.0,0.0,0.0,0.0,0.0
37,37,94.10893065947047,0.0,93.68569089470898,0.0,0.0,0.0,0.0,0.0,0.0,0.0,0.0,0.0
38,38,94.24395411647419,0.0,93.73078452347109,0.0,0.0,0.0,0.0,0.0,0.0,0.0,0.0,0.0
39,39,94.36604675322891,0.0,93.7626326501518,0.0,0.0,0.0,0.0,0.0,0.0,0.0,0.0,0.0
40,40,94.47504565130828,0.0,93.78120822806481,0.0,0.0,0.0,0.0,0.0,0.0,0.0,0.0,0.0
41,41,94.57082844583053,0.0,93.78646548333015,0.0,0.0,0.0,0.0,0.0,0.0,0.0,0.0,0.0
42,42,94.65327322850483,0.0,93.7784099295138,0.0,0.0,0.0,0.0,0.0,0.0,0.0,0.0,0.0
43,43,94.72224853395792,0.0,93.75704842583515,0.0,0.0,0.0,0.0,0.0,0.0,0.0,0.0,0.0
44,44,94.77769514646654,0.0,93.7224091345268,0.0,0.0,0.0,0.0,0.0,0.0,0.0,0.0,0.0
45,45,94.81952450378948,0.0,93.67453145968659,0.0,0.0,0.0,0.0,0.0,0.0,0.0,0.0,0.0
46,46,94.84769023779072,0.0,93.61348587367179,0.0,0.0,0.0,0.0,0.0,0.0,0.0,0.0,0.0
47,47,94.86214751301092,0.0,93.53934381725134,0.0,0.0,0.0,0.0,0.0,0.0,0.0,0.0,0.0
48,48,94.86289401249128,0.0,93.45219744877625,0.0,0.0,0.0,0.0,0.0,0.0,0.0,0.0,0.0
49,49,94.84990864229253,0.0,93.35215935213601,0.0,0.0,0.0,0.0,0.0,0.0,0.0,0.0,0.0
50,50,94.82321289492252,0.0,93.23936218342853,0.0,0.0,0.0,0.0,0.0,0.0,0.0,0.0,0.0
51,51,94.78285033572517,0.0,93.11392870097181,0.0,0.0,0.0,0.0,0.0,0.0,0.0,0.0,0.0
52,52,94.72887626794062,0.0,92.97602085029528,0.0,0.0,0.0,0.0,0.0,0.0,0.0,0.0,0.0
53,53,94.6613474160733,0.0,92.82581941728381,0.0,0.0,0.0,0.0,0.0,0.0,0.0,0.0,0.0
54,54,94.58036251578176,0.0,92.66348444817159,0.0,0.0,0.0,0.0,0.0,0.0,0.0,0.0,0.0
55,55,94.48602127631932,0.0,92.48923314969667,0.0,0.0,0.0,0.0,0.0,0.0,0.0,0.0,0.0
56,56,94.37843435615245,0.0,92.3032611056819,0.0,0.0,0.0,0.0,0.0,0.0,0.0,0.0,0.0
57,57,94.25776349249006,0.0,92.10579061779018,0.0,0.0,0.0,0.0,0.0,0.0,0.0,0.0,0.0
58,58,94.1241401144785,0.0,91.89705065814474,0.0,66.45839511887255,0.0,0.0,0.0,0.0,0.0,0.0,0.0
59,59,93.97773582004118,0.0,91.67728595228947,0.0,66.72822345280187,0.0,0.0,0.0,0.0,0.0,0.0,0.0
60,60,93.818731549427,0.0,91.44674676639627,0.0,66.99657913944264,0.0,0.0,0.0,0.0,0.0,0.0,0.0
61,61,93.64733711136488,0.0,91.20567896305775,0.0,67.26334348041635,0.0,0.0,0.0,0.0,0.0,0.0,0.0
62,62,93.46374074177923,0.0,90.95437077611261,0.0,67.52841622612688,0.0,0.0,0.0,0.0,0.0,0.0,0.0
63,63,93.26818833009351,0.0,90.6930764905407,0.0,67.79167986550131,0.0,0.0,0.0,0.0,0.0,0.0,0.0
64,64,93.06089333804559,0.0,90.4220913499453,0.0,68.05303063345308,0.0,0.0,0.0,0.0,0.0,0.0,0.0
65,65,92.84210575180055,0.0,90.14169454913174,0.0,68.31233673448556,0.0,0.0,0.0,0.0,0.0,0.0,0.0
66,66,92.61209141360676,0.0,89.85218600668603,0.0,68.56949615835502,0.0,0.0,0.0,0.0,0.0,0.0,0.0
67,67,92.37111185847738,0.0,89.55384883106787,0.0,68.82438410388228,0.0,0.0,0.0,0.0,0.0,0.0,0.0
68,68,92.11943368321968,0.0,89.24698565770515,0.0,69.07687934836012,0.0,0.0,0.0,0.0,0.0,0.0,0.0
69,69,91.85733762154004,0.0,88.93190857678528,0.0,69.32686450663064,0.0,0.0,0.0,0.0,0.0,0.0,0.0
70,70,91.58512728303249,0.0,88.60891157948303,0.0,69.57420978917038,0.0,0.0,0.0,0.0,0.0,0.0,0.0
71,71,91.303080680071,0.0,88.2782973323402,0.0,69.81880037813228,0.0,0.0,0.0,0.0,0.0,0.0,0.0
72,72,91.01151647318791,0.0,87.9403852128642,0.0,70.06049803619628,0.0,0.0,0.0,0.0,0.0,0.0,0.0
73,73,90.7107267908359,0.0,87.5954753353538,0.0,70.29918534428147,0.0,0.0,0.0,0.0,0.0,0.0,0.0
74,74,90.40102407923732,0.0,87.24388343543016,0.0,70.53473262487073,0.0,0.0,0.0,0.0,0.0,0.0,0.0
75,75,90.08273075152131,0.0,86.88589689843019,0.0,70.76700903155911,0.0,0.0,0.0,0.0,0.0,0.0,0.0
76,76,89.75615089722491,0.0,86.52182650722006,0.0,70.99588836993763,0.0,0.0,0.0,0.0,0.0,0.0,0.0
77,77,89.42160682091757,0.0,86.15197129416316,0.0,71.22124361355871,0.0,0.0,0.0,0.0,0.0,0.0,0.0
78,78,89.07942888748701,0.0,85.77664366325533,0.0,71.44293540186611,0.0,0.0,0.0,0.0,0.0,0.0,0.0
79,79,88.72990998552291,0.0,85.39612691688832,0.0,71.66084096602722,0.0,0.0,0.0,0.0,0.0,0.0,0.0
80,80,88.37339526969352,0.0,85.01071714654572,0.0,71.87483128812684,0.0,0.0,0.0,0.0,0.0,0.0,0.0
81,81,88.01018277814742,0.0,84.62069781881497,0.0,72.08477103542155,0.0,0.0,0.0,0.0,0.0,0.0,0.0
82,82,87.64060341352183,0.0,84.22635603476098,0.0,72.29053632266749,66.82437218502332,0.0,0.0,0.0,0.0,0.0,0.0
83,83,87.2649671814308,0.0,83.82797394740881,0.0,72.49199128250854,67.04147932509343,0.0,0.0,0.0,0.0,0.0,0.0
84,84,86.88358074091158,0.0,83.42582065173958,0.0,72.6890118746587,67.25580715681272,0.0,0.0,0.0,0.0,0.0,0.0
85,85,86.49675558533141,0.0,83.02017588390308,0.0,72.88146823030544,67.46723698971002,0.0,0.0,0.0,0.0,0.0,0.0
86,86,86.10480735859512,0.0,82.61129031606986,0.0,73.06923675528748,67.67566988915648,0.0,0.0,0.0,0.0,0.0,0.0
87,87,85.70801344602899,0.0,82.19943263709791,0.0,73.25218822183061,67.88099597465694,0.0,0.0,0.0,0.0,0.0,0.0
88,88,85.30669696346935,0.0,81.78484266640892,0.0,73.43020613277399,68.0831047133624,0.0,0.0,0.0,0.0,0.0,0.0
89,89,84.90113407654628,0.0,81.36777754641383,0.0,73.60316252715789,68.28189030033246,0.0,0.0,0.0,0.0,0.0,0.0
90,90,84.49161252722574,0.0,80.9484732612015,0.0,73.77093638036362,68.47723591014729,0.0,0.0,0.0,0.0,0.0,0.0
91,91,84.07841458684058,0.0,80.52716007243784,0.0,73.93340767561516,68.66904027447015,0.0,0.0,0.0,0.0,0.0,0.0
92,92,83.66182483362468,0.0,80.10406975098284,0.0,74.09047002068051,68.85718589288403,0.0,0.0,0.0,0.0,0.0,0.0
93,93,83.24209810194773,0.0,79.67942071612423,0.0,74.2419997285105,69.04157660206076,0.0,0.0,0.0,0.0,0.0,0.0
94,94,82.8195151011504,0.0,79.2534255266818,0.0,74.38789330273963,69.22209468575686,0.0,0.0,0.0,0.0,0.0,0.0
95,95,82.3943189866098,0.0,78.82629086113064,0.0,74.52804270050329,69.39863324123556,0.0,0.0,0.0,0.0,0.0,0.0
96,96,81.96676266402784,0.0,78.39821750961825,0.0,74.66234168083766,69.57109656144064,66.58856634967987,0.0,0.0,0.0,0.0,0.0
97,97,81.5370927986625,0.0,77.96940728542599,0.0,74.79068594192623,69.73936734189432,66.82999512444809,0.0,0.0,0.0,0.0,0.0
98,98,81.10554974862349,0.0,77.54003533005972,0.0,74.91298601289424,69.90334512131447,67.06926006219912,0.0,0.0,0.0,0.0,0.0
99,99,80.67236011848203,0.0,77.11029181426058,0.0,75.02913560382298,70.06293004606557,67.30624425267774,66.67404627133351,0.0,0.0,0.0,0.0
100,100,80.23775175278456,0.0,76.68034074652145,0.0,75.13906276656223,70.21801176582579,67.5408447502305,66.84516350934678,0.0,0.0,0.0,0.0
101,101,79.80193160575452,0.0,76.25036078118148,0.0,75.24266614863231,70.36850305803122,67.77295229223142,67.01274178749331,0.0,0.0,0.0,0.0
102,102,79.36511515382176,0.0,75.82050494905423,0.0,75.3398662700251,70.51430086112386,68.00245117926296,67.17669042126045,0.0,0.0,0.0,0.0
103,103,78.92751144874946,0.0,75.39093412023192,0.0,75.43059296846299,70.65530871873663,68.22922974316812,67.33691382068731,0.0,0.0,0.0,0.0
104,104,78.48930913174948,0.0,74.96179078266412,0.0,75.51477262029996,70.79143130862063,68.45317526665428,67.4933269807796,0.0,0.0,0.0,0.0
105,105,78.05069108565318,0.0,74.53322509076325,0.0,75.59233466238402,70.9225745507075,68.67417405453807,67.64582980370717,0.0,0.0,0.0,0.0
106,106,77.61185499918243,0.0,74.10536300512068,0.0,75.66321820085592,71.04865718845285,68.89210611545049,67.79434339406525,0.0,0.0,0.0,0.0
107,107,77.17295810437957,0.0,73.67834446099602,0.0,75.72736564975715,71.16958807042424,69.10686135325999,67.93876864069965,0.0,0.0,0.0,0.0
108,108,76.7341793741665,0.0,73.25229188108223,0.0,75.78472281608451,71.285283380063,69.31832360566192,68.07902272562877,0.0,0.0,0.0,0.0
109,109,76.2956849674872,0.0,72.82731699695233,0.0,75.83524551617649,71.39566683471692,69.52637056228188,68.21501838898607,0.0,0.0,0.0,0.0
110,110,75.85761560032553,0.0,72.4035451079434,0.0,75.87888660495356,71.50065244345355,69.73089579478325,68.34667983479365,0.0,0.0,0.0,0.0
111,111,75.42013299311998,0.0,71.98107290406658,0.0,75.91562220142019,71.6001677396657,69.93178154710081,68.47391105083332,0.0,0.0,0.0,0.0
112,112,74.9833673257932,0.0,71.56001067219978,0.0,75.94540595451681,71.69414236045142,70.12890409800642,68.5966489757468,0.0,0.0,0.0,0.0
113,113,74.54746301429279,0.0,71.14045259555941,0.0,75.96822801518329,71.78251399167632,70.32215618598836,68.71479977014899,0.0,0.0,0.0,0.0
114,114,74.11255271255311,0.0,70.72248889154633,0.0,75.98405612734997,71.86521091704418,70.51141932435958,68.82829756569171,0.0,0.0,0.0,0.0
115,115,73.67875160062901,0.0,70.30621151384054,0.0,75.99288810194031,71.94218137686707,70.69657495981944,68.93706179432048,0.0,0.0,0.0,0.0
116,116,73.24618258375575,0.0,69.89170280650133,0.0,75.99470593244035,72.01335847799767,70.87752170946273,69.04102409806336,0.0,0.0,0.0,0.0
117,117,72.81495758239116,0.0,69.47904141029821,0.0,75.98952173576647,72.07868961597538,71.05413000515787,69.1401231448448,0.0,0.0,0.0,0.0
118,118,72.38517798322556,0.0,69.06829692963164,0.0,75.97732525797971,72.138136662093,71.2263049104224,69.23428299167001,0.0,0.0,0.0,0.0
119,119,71.95695273425791,0.0,68.6595410546605,0.0,75.95813636367167,72.19164650769629,71.39392914704213,69.32344570926472,0.0,0.0,0.0,0.0
120,120,71.53037447939299,0.0,68.25283673913697,0.0,75.93196564906903,72.23918657362478,71.55689175401962,69.40754430035106,0.0,0.0,0.0,0.0
121,121,71.10553758614476,0.0,67.84824906413749,0.0,75.8988340990347,72.2807093628817,71.71508249679319,69.48653556241928,0.0,0.0,0.0,0.0
122,122,70.682520863191,0.0,67.44583467171162,0.0,75.8587795718858,72.31619401185756,71.86840959538003,69.5603509161612,0.0,0.0,0.0,0.0
123,123,70.2614107724795,0.0,67.04564726705942,0.0,75.81182402559408,72.34561076713148,72.01675895450651,69.6289457655394,0.0,0.0,0.0,0.0
124,124,69.84228421730252,0.0,0.0,0.0,75.7580062007928,72.36893287238709,72.16003521409718,69.69227770757072,0.0,0.0,0.0,0.0
125,125,69.4252089718513,0.0,0.0,0.0,75.69737496987159,72.38614851564799,72.29813252280555,69.75029552724645,0.0,0.0,0.0,0.0
126,126,69.01025492388169,0.0,0.0,0.0,75.62997621609135,72.3972430142625,72.43096423721141,69.80296131131207,0.0,0.0,0.0,0.0
127,127,68.59748314275315,0.0,0.0,0.0,75.55586579251964,72.4022047787759,72.55843345022936,69.85023395462736,0.0,0.0,0.0,0.0
128,128,68.18695685795743,0.0,0.0,0.0,75.4751029077298,72.4010372435872,72.68044489682515,69.89209137628488,0.0,0.0,0.0,0.0
129,129,67.77873078781067,0.0,0.0,0.0,75.38775003889322,72.39372909065497,72.796923138775,69.92849176003975,0.0,0.0,0.0,0.0
130,130,67.37285670099621,0.0,0.0,0.0,75.29388572578515,72.38029594493506,72.90777067589812,69.95941797262218,66.63014123469891,0.0,0.0,0.0
131,131,66.96937840392793,0.0,0.0,0.0,75.19357860510272,72.36075057504183,73.0129100929811,69.9848387390259,67.03692378526428,0.0,0.0,0.0
132,132,66.56834219940441,0.0,0.0,0.0,75.08690669504723,72.33509693971575,73.11227228538911,70.00474759470052,67.44633092342994,0.0,0.0,0.0
133,133,0.0,0.0,0.0,0.0,74.97395081197641,72.3033658613578,73.20577836501383,70.01911840201096,67.85833092873226,0.0,0.0,0.0
134,134,0.0,0.0,0.0,0.0,74.85480082541028,72.26556741979158,73.29335791437087,70.02795547813577,68.27287395361154,0.0,0.0,0.0
135,135,0.0,0.0,0.0,0.0,74.7295554372715,72.22174439148912,73.37494304061595,70.03123791115598,68.68992314924564,0.0,0.0,0.0
136,136,0.0,0.0,0.0,0.0,74.59830297337815,72.17192467842692,73.4504745985723,70.02896971151566,69.10941756389145,0.0,0.0,0.0
137,137,0.0,0.0,0.0,0.0,74.46114038082642,72.11614501835601,73.51990233883518,70.0211519577556,69.53130919790974,0.0,0.0,0.0
138,138,0.0,0.0,0.0,0.0,74.31817298906003,72.05444499367763,73.58316042684254,70.00779393587716,69.95554166337425,66.92426933337572,0.0,0.0
139,139,0.0,0.0,0.0,0.0,74.169508004997,71.98687875528142,73.64021050054171,69.98889642064853,70.38204976202869,67.3303913012807,0.0,0.0
140,140,0.0,0.0,0.0,0.0,74.01526060100392,71.91348546195344,73.69100490748598,69.96448507331563,70.81075905110364,67.73900070656396,0.0,0.0
141,141,0.0,0.0,0.0,0.0,73.85552885006773,71.83432457898759,73.73550521263937,69.93456588237434,71.24160846712994,68.1500453352688,0.0,0.0
142,142,0.0,0.0,0.0,0.0,73.69043102119278,71.74945806737453,73.77367611042376,69.89916410131438,71.67451624792052,68.56348055029362,0.0,0.0
143,143,0.0,0.0,0.0,0.0,73.52009274893882,71.65893863014493,73.80549166534712,69.85830750626721,72.10940832755502,68.97924822025702,0.0,0.0
144,144,0.0,0.0,0.0,0.0,73.34462840610787,71.56284470114542,73.8309167970873,69.81202082080056,72.54618904564087,69.3972924015485,0.0,0.0
145,145,0.0,0.0,0.0,0.0,73.16415342256921,71.46123362065892,73.84994446568096,69.76034230765785,72.9847702348202,69.81755403720005,0.0,0.0
146,146,0.0,0.0,0.0,0.0,72.97879625953814,71.35418237674943,73.86255236582174,69.70329603916565,73.42505958902493,70.23997086956845,0.0,0.0
147,147,0.0,0.0,0.0,0.0,72.78867990450125,71.2417699564389,73.86873391676203,69.64093608180785,73.86694816689095,70.66446600388751,0.0,0.0
148,148,0.0,0.0,0.0,0.0,72.5939278809024,71.12406574902613,73.86848589078343,69.5733021940099,74.31033465068106,71.09096436266506,0.0,0.0
149,149,0.0,0.0,0.0,0.0,72.39467602971143,71.00116401567415,73.86180221790205,69.50043639166056,74.75510694185267,71.51939293038929,0.0,0.0
150,150,0.0,0.0,0.0,0.0,72.19104243701209,70.87314343572542,73.84869258862074,69.42238837313839,75.20113526368381,71.94966924410004,0.0,0.0
151,151,0.0,0.0,0.0,0.0,71.98315724998818,70.74009574350413,73.82916384528797,69.3392153999876,75.64829731156267,72.38169499834262,0.0,0.0
152,152,0.0,0.0,0.0,0.0,71.77115636300644,70.6021027552631,73.80323855320157,69.25097671420168,76.09647234048882,72.81537933626961,0.0,0.0
153,153,0.0,0.0,0.0,0.0,71.55516948289112,70.4592646967217,73.77093019610157,69.15772803031875,76.54550817475582,73.25062727092552,0.0,0.0
154,154,0.0,0.0,0.0,0.0,71.33531440148131,70.31167166558683,73.73226791323354,69.05952695793569,76.99526671597864,73.68732725345895,0.0,0.0
155,155,0.0,0.0,0.0,0.0,71.11173746904115,70.1594205405895,73.68727789147204,68.9564437406708,77.44559095210201,74.1253753228876,0.0,0.0
156,156,0.0,0.0,0.0,0.0,70.88455547973057,70.00260918816065,73.6360018462554,68.84855024512431,77.89632477173058,74.56465047523525,0.0,0.0
157,157,0.0,0.0,0.0,0.0,70.65390753442833,69.841347442767,73.57847227680222,68.73591450751928,78.34730630832033,75.00503300818083,0.0,0.0
158,158,0.0,0.0,0.0,0.0,70.4199203870791,69.67572363979329,73.51473707328977,68.61860609099296,78.79836081500785,75.44639186633026,0.0,0.0
159,159,0.0,0.0,0.0,0.0,70.18271991376457,69.50585444652646,73.44484709283596,68.4967013389704,79.24930733403708,75.88859726395737,0.0,0.0
160,160,0.0,0.0,0.0,0.0,69.94243657989433,69.33183492531306,73.36884997079002,68.37028319825929,79.69995863753283,76.3315011170855,0.0,0.0
161,161,0.0,0.0,0.0,0.0,69.69919411890874,69.15377158383512,73.28680842445188,68.23942515728605,80.15012117696445,76.77496298661586,0.0,0.0
162,162,0.0,0.0,0.0,0.0,69.4531260852051,68.97177118646259,73.19878177263826,68.10420717609388,80.59959504198919,77.21881689189699,0.0,0.0
163,163,0.0,0.0,0.0,0.0,69.20435361442937,68.78594603070307,73.1048380698761,67.9647207491813,81.04816646482911,77.66291804823555,0.0,0.0
164,164,0.0,0.0,0.0,0.0,68.95300194729546,68.59639766017688,73.0050478842598,67.8210476918378,81.49562248116015,78.10708890175486,0.0,0.0
165,165,0.0,0.0,0.0,0.0,68.6991947985966,68.40324365072154,72.89948420301315,67.67327588487422,81.94173607348982,78.55115956686177,0.0,0.0
166,166,0.0,0.0,0.0,0.0,68.44304364348454,68.20658534581514,72.7882223362571,67.52148871378316,82.38627347318341,78.99494019454659,0.0,0.0
167,167,0.0,0.0,0.0,0.0,68.1846797547676,68.0065292450487,72.67134582047271,67.3657805718926,82.82900197264797,79.4382559836415,0.0,0.0
168,168,0.0,0.0,0.0,0.0,67.92421664274525,67.80319721353516,72.54894023723338,67.20624113813157,83.26967461333774,79.88089758170568,0.0,0.0
169,169,0.0,0.0,0.0,0.0,67.66177141439321,67.59668438263104,72.42108714421187,67.04296051961951,83.70803777895942,80.32267077261555,0.0,0.0
170,170,0.0,0.0,0.0,0.0,67.39745936086376,67.38710630423226,72.28788782759864,66.8760342511689,84.14382321229755,80.76336060014519,0.0,0.0
171,171,0.0,0.0,0.0,0.0,67.13138879128562,67.17457259224004,72.14942736721247,66.70555297197873,84.57677206598373,81.20275303170017,0.0,0.0
172,172,0.0,0.0,0.0,0.0,66.86367643694409,66.95918700590016,72.00579843056816,0.0,85.00660298448523,81.64062779045115,0.0,0.0
173,173,0.0,0.0,0.0,0.0,66.59442180906774,66.74106272704286,71.85711278447455,0.0,85.43303627554678,82.07674306052796,0.0,0.0
174,174,0.0,0.0,0.0,0.0,0.0,66.52030184494058,71.70345991194,0.0,85.85577770846442,82.51086564962023,0.0,0.0
175,175,0.0,0.0,0.0,0.0,0.0,0.0,71.54494811365241,0.0,86.27455209536866,82.9427483909107,0.0,0.0
176,176,0.0,0.0,0.0,0.0,0.0,0.0,71.38168663893812,0.0,86.68903637846304,83.37213769476988,0.0,0.0
177,177,0.0,0.0,0.0,0.0,0.0,0.0,71.21377403869498,0.0,87.09893538377425,83.79877362399318,0.0,0.0
178,178,0.0,0.0,0.0,0.0,0.0,0.0,71.0413212652427,0.0,87.50394016321474,84.22239804711229,0.0,0.0
179,179,0.0,0.0,0.0,0.0,0.0,0.0,70.86444557630712,0.0,87.9037366180296,84.64273072838918,0.0,0.0
180,180,0.0,0.0,0.0,0.0,0.0,0.0,70.68324756429946,0.0,88.29798805007138,85.05949331606367,0.0,0.0
181,181,0.0,0.0,0.0,0.0,0.0,0.0,70.49785101721189,0.0,88.68638830226539,85.4724015928559,0.0,0.0
182,182,0.0,0.0,0.0,0.0,0.0,0.0,70.3083628921409,0.0,89.06860053491768,85.88116564554285,0.0,0.0
183,183,0.0,0.0,0.0,0.0,0.0,0.0,70.11489600526754,0.0,89.44429277312476,86.28548159506165,0.0,0.0
184,184,0.0,0.0,0.0,0.0,0.0,0.0,69.91757433052533,0.0,89.81313866199449,86.68506557183429,0.0,0.0
185,185,0.0,0.0,0.0,0.0,0.0,0.0,69.7164994394952,0.0,90.174790510128,87.07959480677087,0.0,0.0
186,186,0.0,0.0,0.0,0.0,0.0,0.0,69.51180045752983,0.0,90.52892553481506,87.46875849527892,0.0,0.0
187,187,0.0,0.0,0.0,0.0,0.0,0.0,69.30358949278829,0.0,90.87519108316101,87.8522588562814,0.0,0.0
188,188,0.0,0.0,0.0,0.0,0.0,0.0,69.09197830354854,0.0,91.2132607496901,88.22975911571322,0.0,0.0
189,189,0.0,0.0,0.0,0.0,0.0,0.0,68.87708899123399,0.0,91.54280734119222,88.60094476798332,0.0,0.0
190,190,0.0,0.0,0.0,0.0,0.0,0.0,68.65903214639292,0.0,91.8634745918678,88.96549806778059,0.0,0.0
191,191,0.0,0.0,0.0,0.0,0.0,0.0,68.43792839323999,0.0,92.1749442734378,89.32308932836752,0.0,0.0
192,192,0.0,0.0,0.0,0.0,0.0,0.0,68.21388681254258,0.0,92.47688944734655,89.67339522835637,0.0,0.0
193,193,0.0,0.0,0.0,0.0,0.0,0.0,67.98702096866516,0.0,92.76898446108969,90.0160719604846,0.0,0.0
194,194,0.0,0.0,0.0,0.0,0.0,0.0,67.75745387815562,0.0,93.05090550691119,90.35081991315644,0.0,0.0
195,195,0.0,0.0,0.0,0.0,0.0,0.0,67.52528649329294,0.0,93.3223410927325,90.6772923966575,0.0,0.0
196,196,0.0,0.0,0.0,0.0,0.0,0.0,67.29063436716217,0.0,93.58298295545482,90.99516970754256,0.0,0.0
197,197,0.0,0.0,0.0,0.0,0.0,0.0,67.05361172468976,0.0,93.83253664533754,91.3041321967629,0.0,0.0
198,198,0.0,0.0,0.0,0.0,0.0,0.0,66.81432632785122,0.0,94.07070225703409,91.6038607696265,0.0,0.0
199,199,0.0,0.0,0.0,0.0,0.0,0.0,66.57288463713428,0.0,94.29720507370398,91.89403740317059,0.0,0.0
200,200,0.0,0.0,0.0,0.0,0.0,0.0,66.32939175947756,0.0,94.51177632843014,92.1743456799822,0.0,0.0
201,201,0.0,0.0,0.0,0.0,0.0,0.0,0.0,0.0,94.714143566192,92.4444810487238,0.0,0.0
202,202,0.0,0.0,0.0,0.0,0.0,0.0,0.0,0.0,94.90407193469822,92.70415166062105,0.0,0.0
203,203,0.0,0.0,0.0,0.0,0.0,0.0,0.0,0.0,95.08132424514342,92.95305954995509,0.0,0.0
204,204,0.0,0.0,0.0,0.0,0.0,0.0,0.0,0.0,95.245661289544,93.1909206627569,0.0,0.0
205,205,0.0,0.0,0.0,0.0,0.0,0.0,0.0,0.0,95.39689389881576,93.41746566908137,0.0,0.0
206,206,0.0,0.0,0.0,0.0,0.0,0.0,0.0,0.0,95.53482184547005,93.63241085901885,0.0,0.0
207,207,0.0,0.0,0.0,0.0,0.0,0.0,0.0,0.0,95.65926517596196,93.83551827915898,0.0,0.0
208,208,0.0,0.0,0.0,0.0,0.0,0.0,0.0,0.0,95.77006478083077,94.02653685306004,0.0,0.0
209,209,0.0,0.0,0.0,0.0,0.0,0.0,0.0,0.0,95.86707246036414,94.2052226519027,0.0,0.0
210,210,0.0,0.0,0.0,0.0,0.0,0.0,0.0,0.0,95.95017220330054,94.37136978541882,0.0,0.0
211,211,0.0,0.0,0.0,0.0,0.0,0.0,0.0,0.0,96.0192387638396,94.52477080696978,0.0,0.0
212,212,0.0,0.0,0.0,0.0,0.0,0.0,0.0,0.0,96.07417974758475,94.66522718148487,0.0,0.0
213,213,0.0,0.0,0.0,0.0,0.0,0.0,0.0,0.0,96.11493598799873,94.79255994740737,0.0,0.0
214,214,0.0,0.0,0.0,0.0,0.0,0.0,0.0,0.0,96.14143979016693,94.90661027776038,0.0,0.0
215,215,0.0,0.0,0.0,0.0,0.0,0.0,0.0,0.0,96.15366754672768,95.00722972629389,0.0,0.0
216,216,0.0,0.0,0.0,0.0,0.0,0.0,0.0,0.0,96.15159785380892,95.09429085215615,0.0,0.0
217,217,0.0,0.0,0.0,0.0,0.0,0.0,0.0,0.0,96.13522205543005,95.16767733658548,0.0,0.0
218,218,0.0,0.0,0.0,0.0,0.0,0.0,0.0,0.0,96.1045757572713,95.22729456659027,0.0,0.0
219,219,0.0,0.0,0.0,0.0,0.0,0.0,0.0,0.0,96.05969673517106,95.27305962610303,0.0,0.0
220,220,0.0,0.0,0.0,0.0,0.0,0.0,0.0,0.0,96.00064582252645,95.30493246345922,0.0,0.0
221,221,0.0,0.0,0.0,0.0,0.0,0.0,0.0,0.0,95.92749625419479,95.32284384872482,0.0,0.0
222,222,0.0,0.0,0.0,0.0,0.0,0.0,0.0,0.0,95.84035436535389,95.32678835492287,0.0,0.0
223,223,0.0,0.0,0.0,0.0,0.0,0.0,0.0,0.0,95.73931750486801,95.31675218998362,0.0,0.0
224,224,0.0,0.0,0.0,0.0,0.0,0.0,0.0,0.0,95.62453634324602,95.2927545020412,0.0,0.0
225,225,0.0,0.0,0.0,0.0,0.0,0.0,0.0,0.0,95.49615188489327,95.25482668654894,0.0,0.0
226,226,0.0,0.0,0.0,0.0,0.0,0.0,0.0,0.0,95.3543367152338,95.20301230985767,0.0,0.0
227,227,0.0,0.0,0.0,0.0,0.0,0.0,0.0,0.0,95.1992634173355,95.13738757706803,0.0,0.0
228,228,0.0,0.0,0.0,0.0,0.0,0.0,0.0,0.0,95.03113511559188,95.05803022694131,0.0,0.0
229,229,0.0,0.0,0.0,0.0,0.0,0.0,0.0,0.0,94.85015400215914,94.96505016366903,0.0,0.0
230,230,0.0,0.0,0.0,0.0,0.0,0.0,0.0,0.0,94.65657197352284,94.85856856910917,0.0,0.0
231,231,0.0,0.0,0.0,0.0,0.0,0.0,0.0,0.0,94.45059804401397,94.73871761456522,0.0,0.0
232,232,0.0,0.0,0.0,0.0,0.0,0.0,0.0,0.0,94.23250993751422,94.60565032246551,0.0,0.0
233,233,0.0,0.0,0.0,0.0,0.0,0.0,0.0,0.0,94.00255174199546,94.45955022011759,66.66119741842392,0.0
234,234,0.0,0.0,0.0,0.0,0.0,0.0,0.0,0.0,93.76100426559296,94.30058009859127,67.03872652016216,0.0
235,235,0.0,0.0,0.0,0.0,0.0,0.0,0.0,0.0,93.50815391102104,94.12895260040324,67.41780830680864,0.0
236,236,0.0,0.0,0.0,0.0,0.0,0.0,0.0,0.0,93.24430197845335,93.94488893899283,67.79838086680384,0.0
237,237,0.0,0.0,0.0,0.0,0.0,0.0,0.0,0.0,92.96973433687118,93.74858844454899,68.18037427926372,0.0
238,238,0.0,0.0,0.0,0.0,0.0,0.0,0.0,0.0,92.68477024919984,93.5403182156589,68.56370491459182,0.0
239,239,0.0,0.0,0.0,0.0,0.0,0.0,0.0,0.0,92.38972210536438,93.32031232187617,68.94829637769939,66.89171675310648
240,240,0.0,0.0,0.0,0.0,0.0,0.0,0.0,0.0,92.08490479362622,93.08883128664844,69.33407457762154,67.27785540215184
241,241,0.0,0.0,0.0,0.0,0.0,0.0,0.0,0.0,91.77065428930824,92.84615128963831,69.7209403516756,67.6657983145526
242,242,0.0,0.0,0.0,0.0,0.0,0.0,0.0,0.0,91.44728843202192,92.5925536226626,70.10880169000453,68.05547789755283
243,243,0.0,0.0,0.0,0.0,0.0,0.0,0.0,0.0,91.11515423103573,92.32832413704756,70.49757428261307,68.44683399947141
244,244,0.0,0.0,0.0,0.0,0.0,0.0,0.0,0.0,90.77457948676053,92.05375269675653,70.88714782177489,68.8397929048703
245,245,0.0,0.0,0.0,0.0,0.0,0.0,0.0,0.0,90.42590085519268,91.76915177877294,71.27741932975574,69.23428299167001
246,246,0.0,0.0,0.0,0.0,0.0,0.0,0.0,0.0,90.06944456527624,91.47482680333006,71.66828205345591,69.63021843869902
247,247,0.0,0.0,0.0,0.0,0.0,0.0,0.0,0.0,89.70556289680059,91.17108533893317,72.05961360816323,70.027526388242
248,248,0.0,0.0,0.0,0.0,0.0,0.0,0.0,0.0,89.33459633502788,90.85825533978097,72.45129914235774,70.42611400307234
249,249,0.0,0.0,0.0,0.0,0.0,0.0,0.0,0.0,88.95685552072311,90.53664671396726,72.84321986898154,70.82589594355949
250,250,0.0,0.0,0.0,0.0,0.0,0.0,0.0,0.0,88.57270223538376,90.20658846370492,73.23524083117671,71.22677187724227
251,251,0.0,0.0,0.0,0.0,0.0,0.0,0.0,0.0,88.18244065146382,89.8684091606546,73.62722252765434,71.62863742226767
252,252,0.0,0.0,0.0,0.0,0.0,0.0,0.0,0.0,87.78642440805764,89.52242735178723,74.01903954744759,72.03138997008732
253,253,0.0,0.0,0.0,0.0,0.0,0.0,0.0,0.0,87.38494976954206,89.16898759355398,74.41053118718705,72.4349289458619
254,254,0.0,0.0,0.0,0.0,0.0,0.0,0.0,0.0,86.97836087104479,88.80839618798034,74.80155699440884,72.83912593379966
255,255,0.0,0.0,0.0,0.0,0.0,0.0,0.0,0.0,86.56695334100239,88.44098443659776,75.19196594350792,73.24385985486563
256,256,0.0,0.0,0.0,0.0,0.0,0.0,0.0,0.0,86.15105196797883,88.06708069536566,75.58158959591934,73.64901757232083
257,257,0.0,0.0,0.0,0.0,0.0,0.0,0.0,0.0,85.73095036363074,87.687009986554,75.97026109597462,74.05446335507449
258,258,0.0,0.0,0.0,0.0,0.0,0.0,0.0,0.0,85.30695332129535,87.30109363468877,76.35781550008122,74.46005670641
259,259,0.0,0.0,0.0,0.0,0.0,0.0,0.0,0.0,84.87934304931741,86.90964034321802,76.74407673082094,74.86565867997551
260,260,0.0,0.0,0.0,0.0,0.0,0.0,0.0,0.0,84.44842844833403,86.51296327937611,77.12886401366163,75.27111930121714
261,261,0.0,0.0,0.0,0.0,0.0,0.0,0.0,0.0,84.01446308982091,86.1113709673947,77.51198507048701,75.67629019690196
262,262,0.0,0.0,0.0,0.0,0.0,0.0,0.0,0.0,83.57774282919587,85.70517536544979,77.89324960281081,76.08101833059744
263,263,0.0,0.0,0.0,0.0,0.0,0.0,0.0,0.0,83.13851679941273,85.29466641789057,78.27246270695173,76.48512603314674
264,264,0.0,0.0,0.0,0.0,0.0,0.0,0.0,0.0,82.69705933955686,84.8801453765399,78.64942492523612,76.88845023639703
265,265,0.0,0.0,0.0,0.0,0.0,0.0,0.0,0.0,82.2536067505535,84.46189947709446,79.02392521175717,77.29081635789863
266,266,0.0,0.0,0.0,0.0,0.0,0.0,0.0,0.0,81.808404530661,84.0402021587063,79.39575499769211,77.69204480253022
267,267,0.0,0.0,0.0,0.0,0.0,0.0,0.0,0.0,81.36170650262174,83.61534508813057,79.76469415225085,78.09194403505334
268,268,0.0,0.0,0.0,0.0,0.0,0.0,0.0,0.0,80.91372932205971,83.18758175779519,80.13052534118758,78.49032423906975
269,269,0.0,0.0,0.0,0.0,0.0,0.0,0.0,0.0,80.46469090494797,82.75718346458811,80.49302710858802,78.88698354910566
270,270,0.0,0.0,0.0,0.0,0.0,0.0,0.0,0.0,80.01481728934714,82.32440718475038,80.851959144035,79.281722013417
271,271,0.0,0.0,0.0,0.0,0.0,0.0,0.0,0.0,79.56430586110459,81.88950351510694,81.2070992353521,79.67433477815497
272,272,0.0,0.0,0.0,0.0,0.0,0.0,0.0,0.0,79.1133692783728,81.45271660545063,81.55820660918049,80.06459757304188
273,273,0.0,0.0,0.0,0.0,0.0,0.0,0.0,0.0,78.66218506745014,81.01426919053121,81.90504431760952,80.45230284660362
274,274,0.0,0.0,0.0,0.0,0.0,0.0,0.0,0.0,78.21094594183843,80.57440762702693,82.24736436918934,80.83720892633858
275,275,0.0,0.0,0.0,0.0,0.0,0.0,0.0,0.0,77.75983116219932,80.13333458389901,82.5849153584387,81.2190986710525
276,276,0.0,0.0,0.0,0.0,0.0,0.0,0.0,0.0,77.30900700006703,79.69128321349304,82.91746612138382,81.59772802253285
277,277,0.0,0.0,0.0,0.0,0.0,0.0,0.0,0.0,76.85864062742503,79.24844378119901,83.24475177313687,81.97286325622295
278,278,0.0,0.0,0.0,0.0,0.0,0.0,0.0,0.0,76.40888652715967,78.80502919368128,83.56652826276964,82.34425870095755
279,279,0.0,0.0,0.0,0.0,0.0,0.0,0.0,0.0,75.95990007820417,78.36122458647536,83.8825335689797,82.71166431846999
280,280,0.0,0.0,0.0,0.0,0.0,0.0,0.0,0.0,75.51181133442584,77.91721614536802,84.19252764528616,83.07483371580798
281,281,0.0,0.0,0.0,0.0,0.0,0.0,0.0,0.0,75.06477108784804,77.47318393392806,84.49623679686287,83.43350093985943
282,282,0.0,0.0,0.0,0.0,0.0,0.0,0.0,0.0,74.61890514054726,77.0292952038322,84.79341818071096,83.78740393488499
283,283,0.0,0.0,0.0,0.0,0.0,0.0,0.0,0.0,74.17433429799303,76.5857181734341,85.08381190560377,84.13629314614283
284,284,0.0,0.0,0.0,0.0,0.0,0.0,0.0,0.0,73.73118063980064,76.14261511811623,85.3671656345162,84.47989997579843
285,285,0.0,0.0,0.0,0.0,0.0,0.0,0.0,0.0,73.2895489353069,75.70012942141445,85.64322686160882,84.81795272208761
286,286,0.0,0.0,0.0,0.0,0.0,0.0,0.0,0.0,72.84955763347881,75.25840572251234,85.91174325666036,85.15018509037675
287,287,0.0,0.0,0.0,0.0,0.0,0.0,0.0,0.0,72.41129616220131,74.81758325432851,86.17247145977538,85.47632019390691
288,288,0.0,0.0,0.0,0.0,0.0,0.0,0.0,0.0,71.97486179804164,74.37780221539356,86.42516920918712,85.79609563417793
289,289,0.0,0.0,0.0,0.0,0.0,0.0,0.0,0.0,71.54035323049408,73.93917863991233,86.66958716911914,86.10923915931158
290,290,0.0,0.0,0.0,0.0,0.0,0.0,0.0,0.0,71.10784158692017,73.50183015380843,86.90549481717356,86.41546868313236
291,291,0.0,0.0,0.0,0.0,0.0,0.0,0.0,0.0,70.67741734436672,73.06588176196713,87.13264678088437,86.71451797123896
292,292,0.0,0.0,0.0,0.0,0.0,0.0,0.0,0.0,70.24914978571614,72.63142925364521,87.35083480100934,87.0061117838705
293,293,0.0,0.0,0.0,0.0,0.0,0.0,0.0,0.0,69.82311029107747,72.19858220034205,87.55982798871791,87.28999193460314
294,294,0.0,0.0,0.0,0.0,0.0,0.0,0.0,0.0,69.39936662037151,71.76743956936927,87.75941633605633,87.565892089964
295,295,0.0,0.0,0.0,0.0,0.0,0.0,0.0,0.0,68.97797760488866,71.33809017880405,87.94937633897929,87.8335378790117
296,296,0.0,0.0,0.0,0.0,0.0,0.0,0.0,0.0,68.55900425525483,70.91061885711584,88.12953278729076,88.09267349251412
297,297,0.0,0.0,0.0,0.0,0.0,0.0,0.0,0.0,68.14249369778727,70.4851121826628,88.29968028491899,88.34304487756407
298,298,0.0,0.0,0.0,0.0,0.0,0.0,0.0,0.0,67.72850076113751,70.06164150604505,88.4596273778928,88.58440014620452
299,299,0.0,0.0,0.0,0.0,0.0,0.0,0.0,0.0,67.31706682710568,69.64028576574718,88.60921493544568,88.81648999250106
