,time,173,1210,1188,1255,151,1233,196,1211,129,174,1256
0,0,68.33527891453414,84.4738753025415,0.0,0.0,0.0,0.0,0.0,0.0,0.0,0.0,0.0
1,1,82.82991266399488,76.24384737501346,0.0,0.0,0.0,0.0,0.0,0.0,0.0,0.0,0.0
2,2,64.91015018852775,75.50770106581058,0.0,0.0,0.0,0.0,0.0,0.0,0.0,0.0,0.0
3,3,69.73905787704473,90.01339853151008,0.0,0.0,0.0,0.0,0.0,0.0,0.0,0.0,0.0
4,4,78.81352329543246,84.80609726745234,0.0,0.0,0.0,0.0,0.0,0.0,0.0,0.0,0.0
5,5,77.15816284004555,89.96736621199474,0.0,0.0,0.0,0.0,0.0,0.0,0.0,0.0,0.0
6,6,74.48879682465096,85.12370870899852,0.0,0.0,0.0,0.0,0.0,0.0,0.0,0.0,0.0
7,7,85.77322600514321,74.62136448265908,0.0,0.0,0.0,0.0,0.0,0.0,0.0,0.0,0.0
8,8,84.41524577118159,93.29407317702584,0.0,0.0,0.0,0.0,0.0,0.0,0.0,0.0,0.0
9,9,83.40682051943035,80.5856825248237,0.0,0.0,0.0,0.0,0.0,0.0,0.0,0.0,0.0
10,10,81.67783315147773,82.07820753187646,0.0,0.0,0.0,0.0,0.0,0.0,0.0,0.0,0.0
11,11,80.34741754856859,76.36115308070994,0.0,0.0,0.0,0.0,0.0,0.0,0.0,0.0,0.0
12,12,73.54517651361043,89.90720835434956,0.0,0.0,0.0,0.0,0.0,0.0,0.0,0.0,0.0
13,13,83.60314348320851,77.43959818744511,0.0,0.0,0.0,0.0,0.0,0.0,0.0,0.0,0.0
14,14,78.85713123466644,78.17770024249467,0.0,0.0,0.0,0.0,0.0,0.0,0.0,0.0,0.0
15,15,87.71674628911072,88.46510337140852,0.0,0.0,0.0,0.0,0.0,0.0,0.0,0.0,0.0
16,16,77.8276533256541,80.67039450686684,0.0,0.0,0.0,0.0,0.0,0.0,0.0,0.0,0.0
17,17,81.39886520335918,92.32500045330038,0.0,0.0,0.0,0.0,0.0,0.0,0.0,0.0,0.0
18,18,69.89800620558823,86.6820522270464,0.0,0.0,0.0,0.0,0.0,0.0,0.0,0.0,0.0
19,19,89.35102648029243,74.44872800420535,0.0,0.0,0.0,0.0,0.0,0.0,0.0,0.0,0.0
20,20,79.73367041099958,83.20334524696146,0.0,0.0,0.0,0.0,0.0,0.0,0.0,0.0,0.0
21,21,69.80029407606008,77.508606125022,0.0,0.0,0.0,0.0,0.0,0.0,0.0,0.0,0.0
22,22,97.35933997315472,73.26978361170363,0.0,0.0,0.0,0.0,0.0,0.0,0.0,0.0,0.0
23,23,85.8925491874503,69.26553949318367,0.0,0.0,0.0,0.0,0.0,0.0,0.0,0.0,0.0
24,24,83.02136846082568,65.19809894848626,0.0,0.0,0.0,0.0,0.0,0.0,0.0,0.0,0.0
25,25,82.84073506189928,64.80821920116006,0.0,0.0,0.0,0.0,0.0,0.0,0.0,0.0,0.0
26,26,98.49552008933843,78.53914888902943,0.0,0.0,0.0,0.0,0.0,0.0,0.0,0.0,0.0
27,27,75.32604090948065,85.54322275100466,0.0,0.0,0.0,0.0,0.0,0.0,0.0,0.0,0.0
28,28,88.63224880272813,87.23377356299015,0.0,0.0,0.0,0.0,0.0,0.0,0.0,0.0,0.0
29,29,63.21363555458977,70.42730833675128,0.0,0.0,0.0,0.0,0.0,0.0,0.0,0.0,0.0
30,30,77.31604709163221,87.32748222521714,56.69757668496567,0.0,0.0,0.0,0.0,0.0,0.0,0.0,0.0
31,31,78.50403355101962,73.80939901805621,51.700105997407945,0.0,0.0,0.0,0.0,0.0,0.0,0.0,0.0
32,32,96.26804059733888,71.33060075880863,51.34024949824603,51.42606820475698,0.0,0.0,0.0,0.0,0.0,0.0,0.0
33,33,66.01353981109976,66.59997492008075,54.624878703017544,55.473026349296276,0.0,0.0,0.0,0.0,0.0,0.0,0.0
34,34,91.2828817628757,84.03418331937411,41.368474061166665,52.360217934699854,0.0,0.0,0.0,0.0,0.0,0.0,0.0
35,35,70.09246554591338,55.36777666776471,50.72705189855809,56.1910808248782,0.0,0.0,0.0,0.0,0.0,0.0,0.0
36,36,76.08506644749224,73.35977037527087,55.61232613780001,58.35216928480318,0.0,0.0,0.0,0.0,0.0,0.0,0.0
37,37,86.06155604984617,69.49960181391712,42.74051226561586,63.87328473637029,0.0,0.0,0.0,0.0,0.0,0.0,0.0
38,38,85.92212204122937,80.09157357310686,59.17466816711338,49.53042505244993,0.0,0.0,0.0,0.0,0.0,0.0,0.0
39,39,91.25350284370143,69.11619070059916,46.93924650535047,46.07635738759986,0.0,0.0,0.0,0.0,0.0,0.0,0.0
40,40,81.50729798795577,69.32707056417387,56.186479340422295,50.45302159911582,0.0,0.0,0.0,0.0,0.0,0.0,0.0
41,41,69.93458864986867,69.73030929473549,52.18536750112902,52.32705625210927,0.0,0.0,0.0,0.0,0.0,0.0,0.0
42,42,79.35633267616151,60.13411496063288,61.29296133591217,53.431383691703104,0.0,0.0,0.0,0.0,0.0,0.0,0.0
43,43,86.09868531006526,71.73460595108416,46.474351544759514,55.39805654142059,0.0,0.0,0.0,0.0,0.0,0.0,0.0
44,44,76.9336795013394,68.32618949904726,62.64693568885285,45.629079927698335,0.0,0.0,0.0,0.0,0.0,0.0,0.0
45,45,84.2015794259046,69.25323267799298,48.81673777810619,41.90778684899426,0.0,0.0,0.0,0.0,0.0,0.0,0.0
46,46,87.65854325736862,57.82552191174976,50.97079414211408,37.32817415384581,0.0,0.0,0.0,0.0,0.0,0.0,0.0
47,47,82.1867381396913,81.43249413615624,45.0200764839793,48.72811367940254,48.985260541511884,0.0,0.0,0.0,0.0,0.0,0.0
48,48,70.5591185653121,66.35430245890183,56.77013957727928,60.39839839796723,43.8146499937094,0.0,0.0,0.0,0.0,0.0,0.0
49,49,82.5182706120592,55.44682155381785,44.84132859498587,43.67299434552546,47.920451034836915,0.0,0.0,0.0,0.0,0.0,0.0
50,50,86.10583155194381,52.81270136139688,55.42407042854396,52.125339027608135,56.938657174577486,0.0,0.0,0.0,0.0,0.0,0.0
51,51,77.03954582304964,66.5552682383088,46.80429778866011,61.53925504909633,57.373665306768544,0.0,0.0,0.0,0.0,0.0,0.0
52,52,66.55425437230619,49.28202697242475,62.69376084051821,56.41452356513467,36.62510693459146,0.0,0.0,0.0,0.0,0.0,0.0
53,53,86.72844126366643,84.88134320049251,59.10891337486643,39.29853063243748,49.58566415743754,0.0,0.0,0.0,0.0,0.0,0.0
54,54,71.68465428389113,59.02505685511066,56.82296613401432,58.578824272406294,45.612893390127994,0.0,0.0,0.0,0.0,0.0,0.0
55,55,69.54122691995272,63.74304481199452,66.31039145981052,57.691097793996235,41.94311351710271,0.0,0.0,0.0,0.0,0.0,0.0
56,56,70.02508689263607,45.737614789719316,69.73664029713221,61.06016740694572,44.32255643026913,0.0,0.0,0.0,0.0,0.0,0.0
57,57,70.78568642964034,51.53050634458802,60.991898571272145,56.130024066216755,67.17789827397203,0.0,0.0,0.0,0.0,0.0,0.0
58,58,62.04940008433047,62.612427416933045,48.794859356668816,54.81514453879276,65.31697649251419,0.0,0.0,0.0,0.0,0.0,0.0
59,59,59.84350455456725,66.70497742775653,50.05412400195251,68.63798559425248,52.236455620781605,0.0,0.0,0.0,0.0,0.0,0.0
60,60,85.60618996375058,64.23965756508072,49.062935201662235,49.983645158101,73.96401769526723,0.0,0.0,0.0,0.0,0.0,0.0
61,61,50.83095243420068,51.399353470467915,56.470140548080636,62.48670960423716,59.212896234543294,0.0,0.0,0.0,0.0,0.0,0.0
62,62,80.10318794927956,64.23063849021311,75.30672689160411,57.62355154463158,56.56632493639776,0.0,0.0,0.0,0.0,0.0,0.0
63,63,76.83048294436416,60.21096549702061,60.205454892124564,53.384970831179,63.75026717325079,0.0,0.0,0.0,0.0,0.0,0.0
64,64,58.74940390707268,75.93886898909874,66.71870199917927,54.833926310035636,64.88371604554504,0.0,0.0,0.0,0.0,0.0,0.0
65,65,91.27097330856611,67.3077825142201,61.484003496741806,66.04203082779273,58.68879226780568,0.0,0.0,0.0,0.0,0.0,0.0
66,66,72.22265313899416,59.53436967719122,55.692668065626684,52.70244781906495,63.06571690368532,0.0,0.0,0.0,0.0,0.0,0.0
67,67,80.96564375460171,59.170881579907345,58.165603191701784,53.436760620339385,69.57486503576763,0.0,0.0,0.0,0.0,0.0,0.0
68,68,59.41519785566954,59.01149102616245,55.99960450455542,62.7797068019427,54.146143034652184,0.0,0.0,0.0,0.0,0.0,0.0
69,69,79.45881460498342,59.74444756427205,74.80157437183728,44.643864672998646,63.8768645773177,0.0,0.0,0.0,0.0,0.0,0.0
70,70,68.12479122163715,59.317873498496,52.53505130487258,45.01855562884635,65.41280689280428,0.0,0.0,0.0,0.0,0.0,0.0
71,71,55.669987096704915,59.42812025080696,44.259653853759595,60.98676723192542,55.842722192783086,0.0,0.0,0.0,0.0,0.0,0.0
72,72,70.18513653960673,64.62456371498696,57.95120994359249,63.781532375740646,45.00731816425868,0.0,0.0,0.0,0.0,0.0,0.0
73,73,69.82278898704938,48.76362257417311,61.31274787042388,49.85253424036277,67.98914239983364,0.0,0.0,0.0,0.0,0.0,0.0
74,74,60.2265517196426,53.232638631324754,60.10545483983066,70.53209955188882,65.61733464959585,0.0,0.0,0.0,0.0,0.0,0.0
75,75,66.82325511743656,49.04916087905527,68.6480969995554,71.3174638394596,77.1622577897101,0.0,0.0,0.0,0.0,0.0,0.0
76,76,66.24297131021942,51.960840724616375,68.32867713763598,56.94292990871708,62.374319267072686,0.0,0.0,0.0,0.0,0.0,0.0
77,77,57.99782982350215,43.195818328867944,55.59837222235696,52.70767251088388,72.68517703485973,0.0,0.0,0.0,0.0,0.0,0.0
78,78,72.09576071914017,48.5496212768874,58.08899315617137,49.035838288692275,66.43373973470243,0.0,0.0,0.0,0.0,0.0,0.0
79,79,63.52648642384877,54.963566764004774,64.26035831013182,59.05233571443469,69.01172200160164,0.0,0.0,0.0,0.0,0.0,0.0
80,80,68.90330359966057,56.886247100138114,62.05929494770672,64.68339975092725,68.57141635830372,0.0,0.0,0.0,0.0,0.0,0.0
81,81,56.26937986485431,0.0,73.55033814581438,52.073684019513806,61.01539403310424,0.0,0.0,0.0,0.0,0.0,0.0
82,82,58.385143787010264,0.0,48.44670501633581,59.12128607041557,71.30004461770976,0.0,0.0,0.0,0.0,0.0,0.0
83,83,62.294734528453596,0.0,63.640299986492096,53.611450026956774,62.86824547988344,0.0,0.0,0.0,0.0,0.0,0.0
84,84,72.8827897977215,0.0,76.82139665904283,52.910311184095455,66.12549310768735,0.0,0.0,0.0,0.0,0.0,0.0
85,85,62.92128521975057,0.0,54.05369538934973,53.08764651037004,46.30703487525558,0.0,0.0,0.0,0.0,0.0,0.0
86,86,45.960068195561036,0.0,76.35561425243728,38.10956555191123,64.85060539562188,0.0,0.0,0.0,0.0,0.0,0.0
87,87,53.857142753003,0.0,67.41605165883394,57.279980253693445,75.69933685643811,0.0,0.0,0.0,0.0,0.0,0.0
88,88,89.22856558337656,0.0,43.7041708801579,41.77308102023481,64.44414244330062,0.0,0.0,0.0,0.0,0.0,0.0
89,89,58.36771276126284,0.0,63.396272109977076,52.65430384390723,58.050105407140514,48.59194271846524,0.0,0.0,0.0,0.0,0.0
90,90,67.79506457237092,0.0,77.3245741940866,65.32759443037824,62.737035188182006,64.91682622983828,0.0,0.0,0.0,0.0,0.0
91,91,66.59886074050829,0.0,58.66843307113285,48.43667748819726,70.3977329672952,53.085726809616276,0.0,0.0,0.0,0.0,0.0
92,92,58.38455611882101,0.0,53.64128098269096,60.72048603196684,74.06339654875248,58.563732150017984,0.0,0.0,0.0,0.0,0.0
93,93,62.898138444794164,0.0,68.86820122466656,48.849906962321654,80.54329354280814,48.173281518801744,0.0,0.0,0.0,0.0,0.0
94,94,64.04830696175023,0.0,54.294698375729006,47.73808190717298,82.63599777985351,40.786785789618094,0.0,0.0,0.0,0.0,0.0
95,95,62.80530080645646,0.0,57.489851435222675,47.10025260360367,67.52425089202501,58.883315346063,0.0,0.0,0.0,0.0,0.0
96,96,58.71159369523752,0.0,61.20427927573064,42.89507982183089,91.03848117096587,55.08190421495071,0.0,0.0,0.0,0.0,0.0
97,97,53.002064904632405,0.0,56.97811885480779,57.24894225124802,67.17465841916498,48.24046488667625,0.0,0.0,0.0,0.0,0.0
98,98,48.64099320341287,0.0,66.84904050963311,47.43172776823911,60.96187755119901,59.051665304732836,0.0,0.0,0.0,0.0,0.0
99,99,55.32276076810443,0.0,68.73833497524036,48.00398729317911,54.403557197800694,48.851414943453605,0.0,0.0,0.0,0.0,0.0
100,100,48.75034973288824,0.0,62.31970410758593,55.8932838129071,70.34756747406807,61.945433210556686,0.0,0.0,0.0,0.0,0.0
101,101,51.32635871551117,0.0,62.24820955460426,40.371423143991535,67.19723911134162,56.1337965113705,0.0,0.0,0.0,0.0,0.0
102,102,56.6958931635948,0.0,74.40904787360704,44.44082492459479,63.47335714846856,62.500886728898706,0.0,0.0,0.0,0.0,0.0
103,103,51.24462195808022,0.0,62.40846868941044,57.254974656876904,64.68753327231897,52.90609515043428,0.0,0.0,0.0,0.0,0.0
104,104,51.771958238514706,0.0,73.01732372081551,50.77520664833,65.98864043085067,59.99626879793831,0.0,0.0,0.0,0.0,0.0
105,105,50.586069394248504,0.0,59.21286045014553,56.60156505381768,81.82543126281637,51.58370075224005,0.0,0.0,0.0,0.0,0.0
106,106,51.240515851223385,0.0,53.05289836342914,0.0,69.90147102471073,48.49576314141168,0.0,0.0,0.0,0.0,0.0
107,107,46.381525585802436,0.0,52.35614634998261,0.0,73.04089155461193,54.44184361964241,0.0,0.0,0.0,0.0,0.0
108,108,40.61756706568314,0.0,60.87274323391057,0.0,71.09152939081453,64.75249595945301,0.0,0.0,0.0,0.0,0.0
109,109,41.44537583334124,0.0,65.84947502150143,0.0,81.58953068884574,56.975141932128935,0.0,0.0,0.0,0.0,0.0
110,110,54.72639872614871,0.0,60.70142554221332,0.0,81.15794194008026,52.825131981989784,0.0,0.0,0.0,0.0,0.0
111,111,59.599492014531705,0.0,73.96274347430148,0.0,61.50860053897636,50.73359263413976,0.0,0.0,0.0,0.0,0.0
112,112,0.0,0.0,51.00232555657415,0.0,80.72202626685805,57.10302327707083,0.0,0.0,0.0,0.0,0.0
113,113,0.0,0.0,76.13510772181384,0.0,85.06049734115754,71.06104046389805,0.0,0.0,0.0,0.0,0.0
114,114,0.0,0.0,61.629084565021955,0.0,88.24697776648549,60.51960777232979,0.0,0.0,0.0,0.0,0.0
115,115,0.0,0.0,72.698870187729,0.0,66.89208837597553,56.424727003556214,0.0,0.0,0.0,0.0,0.0
116,116,0.0,0.0,48.98194954581842,0.0,79.43009492419309,61.23252288354895,0.0,0.0,0.0,0.0,0.0
117,117,0.0,0.0,59.053704555639015,0.0,82.0093255829057,64.414774755949,0.0,0.0,0.0,0.0,0.0
118,118,0.0,0.0,51.11889843888464,0.0,79.55097944059447,59.82521696464183,0.0,0.0,0.0,0.0,0.0
119,119,0.0,0.0,74.77826804426235,0.0,74.369064263691,73.23220578513988,0.0,0.0,0.0,0.0,0.0
120,120,0.0,0.0,38.18522486547771,0.0,86.63677257025249,56.35038105786447,0.0,0.0,0.0,0.0,0.0
121,121,0.0,0.0,69.02212271263345,0.0,79.3091340592124,52.554707398379726,0.0,0.0,0.0,0.0,0.0
122,122,0.0,0.0,58.029041031927456,0.0,63.45169206336709,74.2543599936734,0.0,0.0,0.0,0.0,0.0
123,123,0.0,0.0,64.52407904141955,0.0,73.56974620161134,52.47659365823401,0.0,0.0,0.0,0.0,0.0
124,124,0.0,0.0,66.46424403656412,0.0,77.4497524582659,71.19782347709992,0.0,0.0,0.0,0.0,0.0
125,125,0.0,0.0,61.80386133558452,0.0,70.1492163835588,71.53896954631938,0.0,0.0,0.0,0.0,0.0
126,126,0.0,0.0,55.48360820220145,0.0,75.0239013733318,78.48890013511658,0.0,0.0,0.0,0.0,0.0
127,127,0.0,0.0,63.335164071731114,0.0,83.91571300852183,55.699673944791215,0.0,0.0,0.0,0.0,0.0
128,128,0.0,0.0,63.09912224109988,0.0,73.79532009523139,71.78337757086823,0.0,0.0,0.0,0.0,0.0
129,129,0.0,0.0,48.267465747993285,0.0,61.646345671701866,64.52920943996409,0.0,0.0,0.0,0.0,0.0
130,130,0.0,0.0,71.40599837668017,0.0,80.74228821963347,53.88200858034778,0.0,0.0,0.0,0.0,0.0
131,131,0.0,0.0,70.40273099135365,0.0,82.15103524645978,67.3920597175743,0.0,0.0,0.0,0.0,0.0
132,132,0.0,0.0,61.829333482598294,0.0,70.05732531018589,58.09070173340971,0.0,0.0,0.0,0.0,0.0
133,133,0.0,0.0,52.11031557875639,0.0,74.54640590751565,72.90383529354176,0.0,0.0,0.0,0.0,0.0
134,134,0.0,0.0,63.68278928740067,0.0,73.86096845341001,68.32606648974429,0.0,0.0,0.0,0.0,0.0
135,135,0.0,0.0,61.61898816930628,0.0,65.53412408105865,66.81875168248824,0.0,0.0,0.0,0.0,0.0
136,136,0.0,0.0,48.99979139611956,0.0,66.19973565035734,62.312589958170534,0.0,0.0,0.0,0.0,0.0
137,137,0.0,0.0,50.308118227979776,0.0,69.50650014244192,58.633328912235044,43.27833596575949,0.0,0.0,0.0,0.0
138,138,0.0,0.0,50.986285349213375,0.0,65.95991334025281,82.59810575526797,43.11265502021172,0.0,0.0,0.0,0.0
139,139,0.0,0.0,36.552591691724416,0.0,71.50945104634764,65.83628111439444,50.92001184755344,0.0,0.0,0.0,0.0
140,140,0.0,0.0,59.6970452086788,0.0,75.58144708629133,70.37887621917514,38.486909666314006,0.0,0.0,0.0,0.0
141,141,0.0,0.0,46.32080824742633,0.0,80.42311415742918,68.90648214047962,51.66532468725936,0.0,0.0,0.0,0.0
142,142,0.0,0.0,59.770075975427176,0.0,87.2273053860495,89.52167415618368,56.861868769292784,0.0,0.0,0.0,0.0
143,143,0.0,0.0,52.168191727517296,0.0,80.9177637190808,69.71022288745424,56.44308314640523,0.0,0.0,0.0,0.0
144,144,0.0,0.0,71.31399571585914,0.0,76.65552751437042,61.81488814767337,55.065464462417935,0.0,0.0,0.0,0.0
145,145,0.0,0.0,66.86324272996754,0.0,89.88828579340944,72.08131367886159,57.300239757872255,0.0,0.0,0.0,0.0
146,146,0.0,0.0,58.44635035887368,0.0,77.99499307054032,64.40229946962373,61.58858848196846,0.0,0.0,0.0,0.0
147,147,0.0,0.0,51.43437203323997,0.0,66.23437500284031,76.31963784648653,49.64510242530338,0.0,0.0,0.0,0.0
148,148,0.0,0.0,46.310627841961676,0.0,79.17152987666587,65.10488772174489,40.79717827158065,0.0,0.0,0.0,0.0
149,149,0.0,0.0,52.31413760867916,0.0,53.97671516045937,70.04038483013964,48.04295021215624,0.0,0.0,0.0,0.0
150,150,0.0,0.0,44.71577714320024,0.0,81.34750168445719,67.29874857118548,34.1384171209354,0.0,0.0,0.0,0.0
151,151,0.0,0.0,0.0,0.0,75.79987991075765,87.6426606423796,59.81016325102679,0.0,0.0,0.0,0.0
152,152,0.0,0.0,0.0,0.0,82.39537341784641,76.8332924472849,61.52065062956966,0.0,0.0,0.0,0.0
153,153,0.0,0.0,0.0,0.0,79.13823427550834,79.27931959992233,61.725438555747175,0.0,0.0,0.0,0.0
154,154,0.0,0.0,0.0,0.0,76.27339788534626,72.01642219582293,60.670387883608065,0.0,0.0,0.0,0.0
155,155,0.0,0.0,0.0,0.0,76.75082071254863,86.19757700297379,70.23122638657823,0.0,0.0,0.0,0.0
156,156,0.0,0.0,0.0,0.0,71.37984181014363,74.69011722463239,57.25072623059586,0.0,0.0,0.0,0.0
157,157,0.0,0.0,0.0,0.0,81.82135948675034,84.61092596506558,53.28224915841125,0.0,0.0,0.0,0.0
158,158,0.0,0.0,0.0,0.0,50.650893538060686,83.1249151058604,54.88161427531925,0.0,0.0,0.0,0.0
159,159,0.0,0.0,0.0,0.0,64.7460589397478,56.38244269939099,57.03426637083685,0.0,0.0,0.0,0.0
160,160,0.0,0.0,0.0,0.0,64.14475945123316,80.41702858741682,54.74084320399585,0.0,0.0,0.0,0.0
161,161,0.0,0.0,0.0,0.0,65.99265137337208,87.04538670390795,53.28974001778968,0.0,0.0,0.0,0.0
162,162,0.0,0.0,0.0,0.0,69.57049283321277,69.07025742328145,57.707993596340735,0.0,0.0,0.0,0.0
163,163,0.0,0.0,0.0,0.0,68.56726064884836,72.56673310679736,62.42321641538998,0.0,0.0,0.0,0.0
164,164,0.0,0.0,0.0,0.0,67.79091314844439,85.89356521437637,60.48513580607733,0.0,0.0,0.0,0.0
165,165,0.0,0.0,0.0,0.0,71.00439952123882,95.76691567738644,75.81014530017038,0.0,0.0,0.0,0.0
166,166,0.0,0.0,0.0,0.0,62.58802122449981,86.20053042393427,47.17831153327135,0.0,0.0,0.0,0.0
167,167,0.0,0.0,0.0,0.0,60.61127857827066,60.135824349595296,45.6094635461075,0.0,0.0,0.0,0.0
168,168,0.0,0.0,0.0,0.0,76.24842246066581,76.03206987769958,61.85380790457167,0.0,0.0,0.0,0.0
169,169,0.0,0.0,0.0,0.0,71.17063426897579,78.37977335718813,61.84165540115973,0.0,0.0,0.0,0.0
170,170,0.0,0.0,0.0,0.0,64.40624549193633,82.09829382669022,58.005136953497605,0.0,0.0,0.0,0.0
171,171,0.0,0.0,0.0,0.0,51.06418487222038,83.65020960409441,57.75949213337671,0.0,0.0,0.0,0.0
172,172,0.0,0.0,0.0,0.0,70.15544565991486,75.78775427041347,53.09665276547981,0.0,0.0,0.0,0.0
173,173,0.0,0.0,0.0,0.0,61.6978907582442,75.72820252362493,68.12552117730911,0.0,0.0,0.0,0.0
174,174,0.0,0.0,0.0,0.0,60.49615964044891,77.00657551685282,69.28816136578261,0.0,0.0,0.0,0.0
175,175,0.0,0.0,0.0,0.0,68.51395645153343,71.23539787866386,59.22744337511946,0.0,0.0,0.0,0.0
176,176,0.0,0.0,0.0,0.0,65.98581734087855,79.66986444606555,59.912681406671716,0.0,0.0,0.0,0.0
177,177,0.0,0.0,0.0,0.0,61.21341466865201,65.12864708204873,68.86007381093044,0.0,0.0,0.0,0.0
178,178,0.0,0.0,0.0,0.0,67.16948641361842,80.68840828340257,63.26409160202397,0.0,0.0,0.0,0.0
179,179,0.0,0.0,0.0,0.0,73.74328100059557,71.2827164671342,59.20594401368508,0.0,0.0,0.0,0.0
180,180,0.0,0.0,0.0,0.0,55.4874636040429,74.90911113279036,62.72854376056801,0.0,0.0,0.0,0.0
181,181,0.0,0.0,0.0,0.0,67.10974908951084,76.1818820869207,65.15840971392005,0.0,0.0,0.0,0.0
182,182,0.0,0.0,0.0,0.0,47.77527016725183,76.94601037648145,79.85667498539289,0.0,0.0,0.0,0.0
183,183,0.0,0.0,0.0,0.0,67.6200160864235,74.22605790249168,49.18695265327071,42.46968403809687,0.0,0.0,0.0
184,184,0.0,0.0,0.0,0.0,57.34586223969417,78.13567605264514,65.79131065614997,50.684413653372694,0.0,0.0,0.0
185,185,0.0,0.0,0.0,0.0,51.561176794085,77.21875248273604,72.43989711819495,51.78941034807066,0.0,0.0,0.0
186,186,0.0,0.0,0.0,0.0,58.20876292340178,64.53668189336076,51.43552208109482,57.31334418473416,0.0,0.0,0.0
187,187,0.0,0.0,0.0,0.0,64.51635756484227,74.66262214071358,49.00596979618455,48.410878468215074,0.0,0.0,0.0
188,188,0.0,0.0,0.0,0.0,60.62550397501127,71.64497944085532,74.20838213320117,32.10576942466372,0.0,0.0,0.0
189,189,0.0,0.0,0.0,0.0,62.56291691938338,84.97331646342417,66.36829073943538,57.53920740722004,0.0,0.0,0.0
190,190,0.0,0.0,0.0,0.0,41.963477621638994,58.34791662905148,77.20279668709432,50.15097667759099,0.0,0.0,0.0
191,191,0.0,0.0,0.0,0.0,63.59946021846943,80.76748381975973,63.31480716463895,48.247639081268986,0.0,0.0,0.0
192,192,0.0,0.0,0.0,0.0,54.14497017076327,76.27992016042501,65.67013129040295,49.2127739500138,0.0,0.0,0.0
193,193,0.0,0.0,0.0,0.0,49.50766667865594,81.27739867441143,80.09039119454837,46.45100673660686,0.0,0.0,0.0
194,194,0.0,0.0,0.0,0.0,55.29983186035717,80.82199256187484,76.19934215547451,47.08874677435763,0.0,0.0,0.0
195,195,0.0,0.0,0.0,0.0,63.91211463399334,73.81748980817534,54.55721308961075,62.983614948077154,0.0,0.0,0.0
196,196,0.0,0.0,0.0,0.0,55.654116350226936,79.0580428819742,75.83020157591571,57.13265252143106,0.0,0.0,0.0
197,197,0.0,0.0,0.0,0.0,48.19317118825873,78.00822103306993,77.13947171830239,50.798338948906235,0.0,0.0,0.0
198,198,0.0,0.0,0.0,0.0,63.81348941695108,81.65027356069089,61.77967979088243,51.81099667044669,0.0,0.0,0.0
199,199,0.0,0.0,0.0,0.0,50.31468484901018,62.00583226187291,53.468159764057425,44.643338579489175,0.0,0.0,0.0
200,200,0.0,0.0,0.0,0.0,41.27755007898767,64.15451003525726,64.59042885839858,57.164563770238004,0.0,0.0,0.0
201,201,0.0,0.0,0.0,0.0,48.67706521202977,74.58912058716817,68.9397243654981,60.83543618547141,0.0,0.0,0.0
202,202,0.0,0.0,0.0,0.0,48.976161136312925,59.12953282647097,74.27328691807394,53.12013977484803,0.0,0.0,0.0
203,203,0.0,0.0,0.0,0.0,0.0,77.0121464235888,57.859383438440446,67.51690875385859,61.68326509219505,0.0,0.0
204,204,0.0,0.0,0.0,0.0,0.0,63.765348572278356,64.03375268793724,52.780894674883264,49.29664519858899,0.0,0.0
205,205,0.0,0.0,0.0,0.0,0.0,80.6402859483159,70.62608568130173,55.508676170310395,63.03786366603857,0.0,0.0
206,206,0.0,0.0,0.0,0.0,0.0,67.8591963079925,60.80929994125431,60.17034826485012,51.85903664553346,0.0,0.0
207,207,0.0,0.0,0.0,0.0,0.0,51.23065009216769,54.91177775619734,57.85337099211648,64.29860453219418,0.0,0.0
208,208,0.0,0.0,0.0,0.0,0.0,63.31301273784595,56.80696419594553,72.20291274718787,53.54418013213254,0.0,0.0
209,209,0.0,0.0,0.0,0.0,0.0,60.16296919302536,44.197362162455676,49.60496455516926,41.80131589669074,0.0,0.0
210,210,0.0,0.0,0.0,0.0,0.0,68.9595996326048,65.15836795600055,68.11998196698732,56.71300098644628,0.0,0.0
211,211,0.0,0.0,0.0,0.0,0.0,69.85745726002506,64.01316706990387,62.45195762777375,41.39990701718938,0.0,0.0
212,212,0.0,0.0,0.0,0.0,0.0,62.8791005641694,73.9829371955751,74.9066740385818,61.28495866679332,62.2125566433088,0.0
213,213,0.0,0.0,0.0,0.0,0.0,75.27922833600682,75.50179916048329,56.23126353165186,50.198162771898936,57.37009280453168,0.0
214,214,0.0,0.0,0.0,0.0,0.0,54.978237858940645,61.576436142803765,65.29363985738895,58.283267925219455,62.75412233893569,0.0
215,215,0.0,0.0,0.0,0.0,0.0,65.1884588969319,57.65273146716875,60.51706485832307,45.50306322617631,52.0410345001524,0.0
216,216,0.0,0.0,0.0,0.0,0.0,58.81242046200471,64.00468299150286,57.511088085553794,63.947970125402236,40.3670190408254,0.0
217,217,0.0,0.0,0.0,0.0,0.0,68.72061844127806,54.91356173288891,72.03287670327552,62.890023595675146,39.388191461656206,0.0
218,218,0.0,0.0,0.0,0.0,0.0,48.469003344285085,58.95542338225549,75.71322279961136,50.65919327422819,56.928545957150874,0.0
219,219,0.0,0.0,0.0,0.0,0.0,71.06465281768695,76.08340323079213,65.94615446263532,52.2210634293619,64.93335975252691,0.0
220,220,0.0,0.0,0.0,0.0,0.0,72.11901640317753,62.23746954853472,71.1059032498428,55.4421183059634,45.28802376084378,0.0
221,221,0.0,0.0,0.0,0.0,0.0,64.99632872738817,63.27341736645997,52.079961932675985,50.778409092687795,57.78293990633177,0.0
222,222,0.0,0.0,0.0,0.0,0.0,63.98010303417103,64.9407517922721,65.82474164504967,60.91538514202302,56.38707177686123,0.0
223,223,0.0,0.0,0.0,0.0,0.0,71.19170925831546,61.42978798285863,64.21865488633117,55.52352204351738,69.25491566755693,0.0
224,224,0.0,0.0,0.0,0.0,0.0,53.622135361471564,68.62202494479288,62.726379734554854,54.08926061584903,50.273754927255794,0.0
225,225,0.0,0.0,0.0,0.0,0.0,71.2786222597471,72.80348656045925,73.51055905601581,52.3230059299145,71.75873691493778,0.0
226,226,0.0,0.0,0.0,0.0,0.0,66.13684788401352,57.43700664098854,77.12706325151069,42.77588974338029,39.970480673511894,0.0
227,227,0.0,0.0,0.0,0.0,0.0,67.0369116963168,61.36746129200976,79.72147845454757,63.03613401736144,64.99912646583539,0.0
228,228,0.0,0.0,0.0,0.0,0.0,60.171128899070574,58.45791164216125,64.9261568687913,53.82648739687384,58.87414375130156,0.0
229,229,0.0,0.0,0.0,0.0,0.0,57.24888173987502,72.34570784177386,65.29423713840333,53.334539211504435,59.03329714779709,0.0
230,230,0.0,0.0,0.0,0.0,0.0,58.106279274938174,76.8442939047203,76.50429039836938,40.02881376425135,64.67586813583486,0.0
231,231,0.0,0.0,0.0,0.0,0.0,74.63292752012055,62.14832780250179,64.71000412238783,71.1593771282019,70.326427068267,0.0
232,232,0.0,0.0,0.0,0.0,0.0,57.28014210361919,55.080283102853436,91.68738755171796,39.10109407860335,55.86605458889369,0.0
233,233,0.0,0.0,0.0,0.0,0.0,44.812667398214074,63.65086923676113,68.01747116499531,59.27004853833119,60.44906788913646,0.0
234,234,0.0,0.0,0.0,0.0,0.0,73.3081579088172,54.74887580919349,66.92947109295622,33.692390546857425,68.9445494101151,0.0
235,235,0.0,0.0,0.0,0.0,0.0,64.03311562448197,61.89346108020409,77.57101109596178,63.67362372811429,74.18204992972598,0.0
236,236,0.0,0.0,0.0,0.0,0.0,59.97608794657889,65.82324568814334,73.79238401537525,56.10541771400206,46.237569758077555,0.0
237,237,0.0,0.0,0.0,0.0,0.0,61.469184910773976,58.27798921221478,90.43303450449494,65.5900361879133,57.04204440162908,0.0
238,238,0.0,0.0,0.0,0.0,0.0,55.82337384874036,43.150857440823465,84.91402675368,57.516580022916,75.54518688039074,0.0
239,239,0.0,0.0,0.0,0.0,0.0,68.18593657367441,57.17749588444035,69.0232916189021,58.354361146907266,68.15243244434984,0.0
240,240,0.0,0.0,0.0,0.0,0.0,67.89164714404527,65.25328841235074,84.23558451391885,48.55342369177976,63.38511449967386,0.0
241,241,0.0,0.0,0.0,0.0,0.0,61.587749708506344,62.34237846678094,85.65135980703558,55.80221231181705,78.87239390954375,0.0
242,242,0.0,0.0,0.0,0.0,0.0,45.806368637792374,54.11113258549104,87.91775537841137,41.94924213829667,68.23986216068057,0.0
243,243,0.0,0.0,0.0,0.0,0.0,43.24523428485428,65.5048117152785,76.06961139446985,55.86512489576728,57.25628250879152,0.0
244,244,0.0,0.0,0.0,0.0,0.0,49.496266874026844,63.482506994368066,80.21507054716236,64.56055410514702,69.45835269403074,0.0
245,245,0.0,0.0,0.0,0.0,0.0,59.56139593158601,56.90772275097091,77.87726945989056,62.633167773047525,62.79050791715976,0.0
246,246,0.0,0.0,0.0,0.0,0.0,58.10668313463144,60.29401582121844,72.34123945091162,48.28411293346804,71.15099780020101,0.0
247,247,0.0,0.0,0.0,0.0,0.0,55.18434897650965,54.8423161204728,79.52730307250819,46.10503730292359,67.53191788616607,0.0
248,248,0.0,0.0,0.0,0.0,0.0,64.59597733056577,56.78280975546058,80.07070863516805,0.0,79.04525648269825,0.0
249,249,0.0,0.0,0.0,0.0,0.0,57.62949719449139,56.8041548455332,70.80100699404959,0.0,70.58279568134643,0.0
250,250,0.0,0.0,0.0,0.0,0.0,0.0,59.2986769268102,87.30155371116791,0.0,60.30942864623566,0.0
251,251,0.0,0.0,0.0,0.0,0.0,0.0,60.25110759942821,75.16109706348229,0.0,74.32351115112623,0.0
252,252,0.0,0.0,0.0,0.0,0.0,0.0,50.64908157185201,72.12325109584897,0.0,73.8312328101317,0.0
253,253,0.0,0.0,0.0,0.0,0.0,0.0,58.05277730735136,66.11297764979676,0.0,85.88366490145532,0.0
254,254,0.0,0.0,0.0,0.0,0.0,0.0,50.156291825155165,75.66350028185565,0.0,68.59556315050649,0.0
255,255,0.0,0.0,0.0,0.0,0.0,0.0,58.30050668342547,93.5150583307393,0.0,79.6293458901874,0.0
256,256,0.0,0.0,0.0,0.0,0.0,0.0,54.59157811843012,70.237429424359,0.0,57.171093384022,0.0
257,257,0.0,0.0,0.0,0.0,0.0,0.0,62.14702016014073,78.28884637043328,0.0,67.05731205433244,0.0
258,258,0.0,0.0,0.0,0.0,0.0,0.0,56.2734272768442,68.52421594370676,0.0,52.34281796861579,0.0
259,259,0.0,0.0,0.0,0.0,0.0,0.0,62.34121955074407,68.72876995092668,0.0,67.10379354828382,0.0
260,260,0.0,0.0,0.0,0.0,0.0,0.0,61.26655125110824,83.09165279819473,0.0,54.54514994090766,0.0
261,261,0.0,0.0,0.0,0.0,0.0,0.0,55.57554542225064,70.74764894592408,0.0,79.71734724558976,0.0
262,262,0.0,0.0,0.0,0.0,0.0,0.0,61.2859826911545,86.80513576234789,0.0,79.27171341602721,0.0
263,263,0.0,0.0,0.0,0.0,0.0,0.0,58.14732559099927,79.91506575782911,0.0,81.50853108517448,0.0
264,264,0.0,0.0,0.0,0.0,0.0,0.0,61.90514125796255,87.22095640953495,0.0,57.468597932601845,0.0
265,265,0.0,0.0,0.0,0.0,0.0,0.0,49.39620503827234,65.56977862242144,0.0,94.860243722009,0.0
266,266,0.0,0.0,0.0,0.0,0.0,0.0,50.84199988023046,80.92320701620051,0.0,76.84004024479015,0.0
267,267,0.0,0.0,0.0,0.0,0.0,0.0,46.39249946667688,80.40765124891391,0.0,70.16287582594394,0.0
268,268,0.0,0.0,0.0,0.0,0.0,0.0,50.42932273342381,87.2041260269723,0.0,74.85124581259693,0.0
269,269,0.0,0.0,0.0,0.0,0.0,0.0,0.0,96.80858132464863,0.0,85.99203631339876,0.0
270,270,0.0,0.0,0.0,0.0,0.0,0.0,0.0,82.06210486240461,0.0,72.13356440281675,0.0
271,271,0.0,0.0,0.0,0.0,0.0,0.0,0.0,70.75657591865634,0.0,75.62549300366305,0.0
272,272,0.0,0.0,0.0,0.0,0.0,0.0,0.0,67.35976372296909,0.0,85.66206359029064,0.0
273,273,0.0,0.0,0.0,0.0,0.0,0.0,0.0,84.41926409941249,0.0,93.61929426570683,0.0
274,274,0.0,0.0,0.0,0.0,0.0,0.0,0.0,88.26209665914344,0.0,74.04189303954564,0.0
275,275,0.0,0.0,0.0,0.0,0.0,0.0,0.0,72.49269031247042,0.0,72.4480518951467,0.0
276,276,0.0,0.0,0.0,0.0,0.0,0.0,0.0,89.48205771146488,0.0,88.84268819462571,0.0
277,277,0.0,0.0,0.0,0.0,0.0,0.0,0.0,78.87181703660008,0.0,80.99666931616872,0.0
278,278,0.0,0.0,0.0,0.0,0.0,0.0,0.0,76.82812469402485,0.0,71.68280082047704,0.0
279,279,0.0,0.0,0.0,0.0,0.0,0.0,0.0,90.17705240111371,0.0,93.92007395596306,0.0
280,280,0.0,0.0,0.0,0.0,0.0,0.0,0.0,84.9175414244082,0.0,79.76491731936862,0.0
281,281,0.0,0.0,0.0,0.0,0.0,0.0,0.0,84.29825733849157,0.0,88.67673826357054,0.0
282,282,0.0,0.0,0.0,0.0,0.0,0.0,0.0,79.1450960424777,0.0,73.23340942451257,0.0
283,283,0.0,0.0,0.0,0.0,0.0,0.0,0.0,90.21570475838335,0.0,78.63325792128785,0.0
284,284,0.0,0.0,0.0,0.0,0.0,0.0,0.0,69.58658786188329,0.0,86.99233624715784,0.0
285,285,0.0,0.0,0.0,0.0,0.0,0.0,0.0,90.2587589666786,0.0,66.30083683086164,0.0
286,286,0.0,0.0,0.0,0.0,0.0,0.0,0.0,70.18192064849556,0.0,73.76136234640747,0.0
287,287,0.0,0.0,0.0,0.0,0.0,0.0,0.0,68.32199303109016,0.0,86.65351111549819,0.0
288,288,0.0,0.0,0.0,0.0,0.0,0.0,0.0,75.78193272643779,0.0,55.42179334495996,0.0
289,289,0.0,0.0,0.0,0.0,0.0,0.0,0.0,71.46831986953177,0.0,86.01315186054518,42.704523866856
290,290,0.0,0.0,0.0,0.0,0.0,0.0,0.0,95.4101199578821,0.0,76.61751633993751,47.946481554276495
291,291,0.0,0.0,0.0,0.0,0.0,0.0,0.0,72.95501800667034,0.0,70.65026869914995,51.805998054714706
292,292,0.0,0.0,0.0,0.0,0.0,0.0,0.0,63.950050760292505,0.0,96.95542136699345,42.17704203257892
293,293,0.0,0.0,0.0,0.0,0.0,0.0,0.0,72.53310192074969,0.0,78.58902191459076,46.58135436933826
294,294,0.0,0.0,0.0,0.0,0.0,0.0,0.0,67.40583472372472,0.0,87.76616147352918,57.4260976393227
295,295,0.0,0.0,0.0,0.0,0.0,0.0,0.0,79.5552905632603,0.0,89.09099978949726,58.39952490356171
296,296,0.0,0.0,0.0,0.0,0.0,0.0,0.0,72.04722200905066,0.0,73.88224099093227,50.582862113995915
297,297,0.0,0.0,0.0,0.0,0.0,0.0,0.0,85.34804866874786,0.0,85.44687411329467,54.52984050941659
298,298,0.0,0.0,0.0,0.0,0.0,0.0,0.0,67.17683004700021,0.0,90.89362688682036,44.428058886897006
299,299,0.0,0.0,0.0,0.0,0.0,0.0,0.0,64.66003822776236,0.0,81.81264387837615,55.349290519676245
